3.000000 0.000000 15.000000 1.570000 -1.300000
0.000000 -1.500000 0.070737 0.000000 -0.997495
9
0.000000 2.000000 0.000000 3.000000 1.000000 1.000000 255.000000 255.000000 255.000000
1.000000 0.000000 0.000000 1.000000 2.000000 1.000000 255.000000 255.000000 255.000000
0.000000 4.000000 0.000000 1.000000 4.000000 1.000000 255.000000 255.000000 255.000000
1.000000 4.000000 0.000000 1.000000 1.000000 1.000000 255.000000 255.000000 255.000000
2.000000 4.000000 0.000000 1.000000 4.000000 1.000000 255.000000 255.000000 255.000000
1.000000 6.000000 0.000000 1.000000 1.000000 1.000000 255.000000 255.000000 255.000000
3.000000 1.000000 0.000000 1.000000 1.000000 1.000000 255.000000 255.000000 255.000000
4.000000 0.000000 0.000000 1.000000 8.000000 1.000000 255.000000 255.000000 255.000000
6.000000 0.000000 0.000000 1.000000 8.000000 1.000000 255.000000 255.000000 255.000000
