10.000000 -6.600000 6.600000 2.500000 -0.400000
2.500000 -0.400000 -0.737902 0.551229 -0.389418
12
0.000000 0.000000 0.000000 1.000000 2.000000 1.000000 0.000000 255.000000 0.000000
1.000000 0.000000 1.000000 1.000000 2.000000 3.000000 0.000000 255.000000 0.000000
0.500000 0.000000 4.000000 2.000000 2.000000 2.000000 0.000000 255.000000 0.000000
2.000000 0.000000 0.000000 1.000000 2.000000 1.000000 0.000000 255.000000 0.000000
0.900000 0.500000 4.000000 1.000000 0.250000 0.750000 0.000000 0.000000 0.000000
0.900000 1.250000 4.000000 1.000000 0.250000 0.750000 0.000000 0.000000 0.000000
0.900000 0.750000 4.250000 1.000000 0.500000 0.750000 0.000000 0.000000 0.000000
2.500000 0.500000 4.000000 0.100000 0.250000 0.750000 0.000000 0.000000 0.000000
2.500000 1.250000 4.000000 0.010000 0.250000 0.750000 0.000000 0.000000 0.000000
2.500000 0.750000 4.250000 0.010000 0.500000 0.750000 0.000000 0.000000 0.000000
2.500000 0.250000 5.000000 0.010000 0.500000 0.500000 0.000000 0.000000 0.000000
2.500000 1.250000 5.000000 0.010000 0.500000 0.500000 0.000000 0.000000 0.000000
